1598400000	30
1598486400	55
1598623508	63
1598837588	42
1598870029	45
1598885111	15
1598965466	40
1599071436	30
1599148883	25
1599222882	30
1599264345	5
1599365519	10
1599409746	20
1599496718	45
1599574185	35
1599618918	10
1599626085	5
1599636623	5
1599657700	10
1599753429	30
1599810791	40
1599822471	15
1599834001	5
1599921716	10
1599924995	10
1599932601	10
1599978837	25
1600008095	15
1600015475	5
1600060315	15
1600092322	15
1600145019	25
1600147513	10
1600160329	10
1600163310	15
1600167747	25
1600168996	5
1600174321	10
1600179001	5
1600268931	45